1 [0.1977238459184817, 0.13747694890389886, 0.2045006275916397, 0.16139429545692607, 0.18448605832500348, 0.19551710547663217, 0.2266134610888867, 0.2070426871538048, 0.22197107969147623, 0.24896311107516833, 0.15396911167449848, 0.26232101495799587, 0.22135886775803795, 0.20095066099363604, 0.20235473795074463, 0.15768152891061293, 0.2421633449361734, 0.18816829696034262, 0.21187591116632917, 0.19770692763835596]
1 [0.24591737725651125, 0.17978778397935247, 0.22195512876038792, 0.2243083876587021, 0.23321094847663773, 0.20344245352186596, 0.22016473627930944, 0.1936835574942065, 0.20658311093425477, 0.27002939612278404, 0.24320348259081284, 0.20409407253361367, 0.230861396121045, 0.18202300743298322, 0.2685858338925411, 0.20184561174317503, 0.2230621139454695, 0.2571646585706894, 0.2611230543985642, 0.15359126898977687]
1 [0.1596206694886027, 0.20626235691231934, 0.21284110981341495, 0.23071738420458077, 0.1684042411783326, 0.22944679038819057, 0.2062715931211512, 0.1832787755574995, 0.16817660080410854, 0.24162737038756357, 0.23297838919063915, 0.19726846256827668, 0.21004096965630722, 0.188243062679133, 0.23222996075276045, 0.16682173850432558, 0.19790759420703463, 0.20195147123540205, 0.2192234626190608, 0.19002128352870118]
1 [0.22993662136651108, 0.20482116609686354, 0.2180421192153091, 0.2254626153569099, 0.2259563812864367, 0.16236111289822203, 0.16686907407134727, 0.19732009061781258, 0.2217415108461195, 0.23804586586039916, 0.21047136323978136, 0.15998933866552612, 0.15336688248958014, 0.1992476467372304, 0.2651989801282137, 0.2276711030597405, 0.2175728377170109, 0.19022657573559623, 0.23794247318114542, 0.22283656450374367]
1 [0.18815716992028017, 0.1920285927893097, 0.27406831986292784, 0.205229273268814, 0.21626562766701937, 0.20281835942905768, 0.22614492796124225, 0.22591917389410196, 0.22252495531357486, 0.17775139725748104, 0.1747586083534432, 0.20056637033791622, 0.21632374393272036, 0.20438202931615357, 0.20791449295710332, 0.18075902688307485, 0.26694698722142396, 0.19012310607831512, 0.23036317168184348, 0.22157996345969697]
1 [0.18111336502917158, 0.24060102928209556, 0.20812973445955732, 0.2260668332124122, 0.24389704110615268, 0.20818260058595553, 0.20537809169300694, 0.2201015077724845, 0.1556447688590866, 0.20470959516543483, 0.22879317285119088, 0.18117917817248977, 0.21346649493895709, 0.19380380715562323, 0.25012200100800586, 0.15418047947329386, 0.20193007459170284, 0.1772590359569847, 0.1971772401525321, 0.19776653410884643]
2 [0.22000541471220597, 0.18823701833863743, 0.1669671230962372, 0.22049647501514213, 0.19499524065421697, 0.19414965217163824, 0.23663997309033263, 0.1855330706306609, 0.20812973445955732, 0.20537809169300694, 0.20453735961886202, 0.20193007459170284, 0.19776653410884643, 0.1971772401525321, 0.19380380715562323, 0.18117917817248977, 0.18111336502917158, 0.17252057529354037, 0.1556447688590866, 0.15418047947329386]
1 [0.21697952302339518, 0.2870772766345197, 0.16666374711535648, 0.17472783847337395, 0.19192045239377495, 0.15958692978548286, 0.27969310406858033, 0.20711362956860685, 0.2000284055140172, 0.2034653007804493, 0.20550432652381667, 0.19565371099245904, 0.25554609662517497, 0.27862313243176284, 0.19055083003416115, 0.18654952955499257, 0.16778155991874827, 0.1822196843721753, 0.20263224148260403, 0.18942413417464962]
2 [0.25486656348974496, 0.23625043711217464, 0.2963938442749398, 0.20061462070521288, 0.20550432652381667, 0.2674355862033835, 0.2195443002430024, 0.19915986981179312, 0.20263224148260403, 0.2116486100487871, 0.2362524328644667, 0.1876735776641054, 0.19055083003416115, 0.19647484482535849, 0.18654952955499257, 0.18865843419490477, 0.17472783847337395, 0.16778155991874827, 0.16666374711535648, 0.15958692978548286]
1 [0.2362248416965497, 0.155332019709677, 0.21040937863318976, 0.1870987141356661, 0.19754942148733015, 0.22191550249405156, 0.22758993329213473, 0.2232216498603553, 0.1611931342512705, 0.20814627728289534, 0.20255315632886253, 0.18807767857188673, 0.1975241550944411, 0.24763396847900784, 0.19355375062529326, 0.19251635612223164, 0.23845234878475555, 0.2423548968389079, 0.21793428344378718, 0.19821831457374994]
1 [0.17034912950083242, 0.1882193002235062, 0.23121137756804305, 0.21085136467200058, 0.2056595951503382, 0.18148348247719576, 0.19782512580558811, 0.22241265601511764, 0.19451548125133955, 0.24309676075327968, 0.24134178606106696, 0.2901154708434615, 0.16784288616470835, 0.20068130732691808, 0.20911830465791045, 0.23044434940453698, 0.2647247066124057, 0.18843576894973224, 0.1925270044574782, 0.21533436699345818]
2 [0.24845440896745624, 0.2573662264969935, 0.23088588548195504, 0.22966675531767933, 0.2513402453090921, 0.24488591886151967, 0.22241265601511764, 0.2277168336493651, 0.21085136467200058, 0.20911830465791045, 0.17979801052938715, 0.19697625538621003, 0.20189165554626626, 0.19451548125133955, 0.1925270044574782, 0.18843576894973224, 0.1882193002235062, 0.18148348247719576, 0.17034912950083242, 0.16784288616470835]
1 [0.19145467099428484, 0.20317966625419293, 0.2583910421810857, 0.2111837672503026, 0.2613896118165873, 0.23319298235077257, 0.18094122934455809, 0.2114099434155173, 0.19242446843300404, 0.18174659187319875, 0.24326045001720786, 0.1912660446975339, 0.18850975249384294, 0.22519195398722303, 0.19786492884370926, 0.20487726388713765, 0.19210252463414038, 0.242341684206797, 0.24750064357828302, 0.20535776753595913]
2 [0.18872465045859943, 0.20682660673839223, 0.22343823192138623, 0.21682833122411224, 0.2095167521680509, 0.23237864595114505, 0.22519195398722303, 0.2114099434155173, 0.1815251104509261, 0.20535776753595913, 0.21488698313115828, 0.20317966625419293, 0.19786492884370926, 0.19242446843300404, 0.19210252463414038, 0.19145467099428484, 0.1912660446975339, 0.19088286702368282, 0.18174659187319875, 0.18094122934455809]
1 [0.19401907516733366, 0.17753611498939265, 0.18702468147358625, 0.2103294762193417, 0.240924393169448, 0.2088666927515378, 0.19407106816760292, 0.19934718610511595, 0.22536907937396544, 0.18131220163997422, 0.25798283669981176, 0.1684201365270845, 0.2120788058891288, 0.20973850572797778, 0.17201405017906277, 0.15503574464443864, 0.20428381686709104, 0.27525351050118213, 0.19856899584530216, 0.20217972558029348]
2 [0.22676192571127993, 0.24718297443786463, 0.2089275141794065, 0.25201155972069295, 0.29089216756825714, 0.24866983542531707, 0.20973850572797778, 0.24614803399262927, 0.20343196751519285, 0.20201115671031997, 0.19934718610511595, 0.19856899584530216, 0.19407106816760292, 0.19401907516733366, 0.19330919079500744, 0.18131220163997422, 0.17753611498939265, 0.18717867808402122, 0.1684201365270845, 0.15503574464443864]
1 [0.22286943178858826, 0.19931337060308366, 0.18832113121239036, 0.15969187703333193, 0.220706696252471, 0.1545425067127797, 0.24749443510582023, 0.22711522469009918, 0.24743911407288016, 0.22854489462714048, 0.18480231655833237, 0.1983274682075408, 0.22573310039822939, 0.19981318443459004, 0.21186477924543157, 0.2221129664345668, 0.18205026342569786, 0.2246478092893556, 0.1899286424220721, 0.1771624619157956]
1 [0.22786223362586605, 0.17683548026700663, 0.2354280252941963, 0.19611807843758625, 0.24953718066071787, 0.2169974627544721, 0.1646061728589484, 0.15412926750832273, 0.20160121235120473, 0.1939478536024487, 0.19637758363435492, 0.20614939355409198, 0.16151476168893905, 0.18661856556097423, 0.18063974725475623, 0.21709769270692786, 0.2027518913590338, 0.206890807996926, 0.229882053514144, 0.20799835724678184]
1 [0.2462126942640815, 0.15998104217503709, 0.16313058504120187, 0.2261492926619943, 0.19157386414002134, 0.25516282162253057, 0.2224582728066673, 0.1640128043298782, 0.20606296857584627, 0.17461609696264396, 0.19376744664647674, 0.127270968056502, 0.14124052451026356, 0.22013772039929963, 0.1778002688051269, 0.18631127198605732, 0.22884902922939068, 0.19528279077409016, 0.24645189348574165, 0.1536619086378201]
